Software-Entwickler
15883
1622
552
10984
156464
156467
45566
106619
20216
142498
156475
Elektrotechniker
2389
5734
12972
23558
156483
13951
57543
8671
Erzieher
156528
5367
156529
156537
156538
156541
9695
Wirtschaftswissenschaftler
55093
2982
9805
5676
43748
22663
156476
Bankkaufmann
156543
156544
156545
13444
156546
156547
156548
794
10839
156550
1615
2412
19229
50999
Auszubildende
31648
10073
16157
37043
Busfahrer
23004
65276
97128
156477
156478
Krankenpfleger
30434
34042
1082
156481
8148
156482
Architekten
44672
156489
127555
137612
156492
156493
156500
156501
Personalreferent
122166
32772
140012
156503
52457
156508
1840
125678
156511
Vertriebsmitarbeiter
50323
156512
156515
156520
68355